0.0023956298828125,0.0016326904296875,0.0013580322265625,0.0010833740234375,0.0009613037109375,0.0018157958984375,0.001861572265625,0.002166748046875,0.0017547607421875,0.0009613037109375,0.0028533935546875,-0.0001678466796875,0.0024871826171875,0.001953125,0.001678466796875,0.0013427734375,0.002716064453125,0.0046234130859375,0.0003814697265625,0.0019378662109375,0.002044677734375,0.002044677734375,0.0009918212890625,0.0020294189453125,0.0020599365234375,0.001251220703125,0.0017852783203125,0.001800537109375,0.0009613037109375,0.0013580322265625,0.001434326171875,0.001434326171875,0.0022125244140625,0.001007080078125,0.0011444091796875,0.002471923828125,0.000396728515625,-0.00079345703125,0.0025177001953125,0.0017242431640625,0.0012054443359375,0.0012054443359375,0.0022430419921875,0.0018157958984375,0.0013275146484375,0.0012664794921875,0.0012664794921875,0.002288818359375,0.002288818359375,-0.0017242431640625,0.002716064453125,0.002716064453125,0.001861572265625,0.0011138916015625,0.0009765625,6.103515625e-05,-0.0012969970703125,0.001800537109375,0.0013427734375,0.0013427734375,0.001708984375,0.001708984375,0.001800537109375,0.0020751953125,0.00128173828125,0.001617431640625,0.0017242431640625,0.0013275146484375,0.001953125,0.001953125,-0.0003204345703125,0.002471923828125,0.001678466796875,0.0019989013671875,0.0023193359375,0.0025482177734375,0.0053253173828125,-0.00042724609375,0.001617431640625,0.0015411376953125,0.0017242431640625,0.0017242431640625,0.0016632080078125,0.002105712890625,0.00189208984375,0.0016937255859375,0.00103759765625,0.0014190673828125,-0.001251220703125,-0.0010528564453125,0.0023956298828125,0.0016937255859375,0.0018463134765625,0.0013885498046875,0.001678466796875,0.000274658203125,-0.00079345703125,0.001190185546875,0.0023956298828125,0.0020294189453125,0.00140380859375,0.0018310546875,0.0023956298828125,0.00115966796875,0.00213623046875,0.0016326904296875,0.002044677734375,0.00250244140625,0.0022430419921875,0.004241943359375,0.0005035400390625,0.002655029296875,0.0013885498046875,0.0017547607421875,0.00140380859375,0.0032196044921875,0.0013275146484375,0.0010223388671875,0.0019073486328125,0.001953125,0.0010528564453125,0.0023651123046875,0.0019378662109375,0.001953125,0.001708984375,0.00177001953125,0.0017547607421875,0.00164794921875,0.001922607421875,-0.0020751953125,-0.001220703125,0.002655029296875,0.0016937255859375,0.0013275146484375,0.0020751953125,0.002349853515625,-0.001708984375,-0.001708984375,0.00189208984375,0.00146484375,0.0016632080078125,0.0018463134765625,0.0023345947265625,0.0015411376953125,0.0023040771484375,0.00177001953125,0.0019989013671875,0.0020599365234375,0.0040740966796875,-0.000732421875,0.0018768310546875,0.0008087158203125,0.0014495849609375,0.0017852783203125,0.001983642578125,0.001190185546875,0.001312255859375,0.0024871826171875,-0.0006561279296875,-0.0009918212890625,0.0017852783203125,0.001953125,0.002197265625,0.0010223388671875,0.0011749267578125,0.0030670166015625,0.001617431640625,0.000335693359375,0.002471923828125,0.0016937255859375,0.001922607421875,0.0015869140625,0.0017242431640625,0.002410888671875,0.001708984375,0.00238037109375,0.0018768310546875,0.001312255859375,0.0009918212890625,0.0048828125,-0.000335693359375,0.0027618408203125,0.0009765625,0.0014801025390625,0.001190185546875,0.0012359619140625,0.003204345703125,-0.0007781982421875,0.002288818359375,0.0012969970703125,0.0018768310546875,0.0022735595703125,0.001373291015625,0.0017852783203125,0.0016021728515625,0.001434326171875,0.0015869140625,0.0018310546875,0.0014190673828125,0.0045013427734375,-0.000274658203125,0.0017852783203125,0.0014801025390625,0.0012969970703125,0.00177001953125,0.0024566650390625,-0.001129150390625,-0.001708984375,0.0025787353515625,0.0014190673828125,0.001922607421875,0.002410888671875,0.0017852783203125,0.001678466796875,0.0025482177734375,0.002044677734375,0.0018768310546875,0.0013427734375,-0.000640869140625,-0.0012664794921875,0.001495361328125,0.0020294189453125,0.001861572265625,0.001800537109375,0.001434326171875,0.0025634765625,0.005340576171875,-0.0001068115234375,0.0018157958984375,0.0018768310546875,0.0015869140625,0.001220703125,0.00164794921875,0.001922607421875,0.0019073486328125,0.0018157958984375,0.001861572265625,0.0018463134765625,0.0013580322265625,0.006011962890625,-0.000335693359375,0.0023040771484375,0.00189208984375,0.002044677734375,0.001739501953125,0.0019073486328125,0.003326416015625,-0.0012969970703125,0.0019683837890625,0.0013885498046875,0.0012664794921875,0.001007080078125,0.00201416015625,0.002044677734375,0.00146484375,0.0018463134765625,0.0014801025390625,0.0007171630859375,0.0045166015625,-0.00091552734375,0.002349853515625,0.0012359619140625,0.0016021728515625,0.0013885498046875,0.0018310546875,0.001556396484375,0.0006103515625,0.0008544921875,0.0020904541015625,0.001708984375,0.0031585693359375,-0.0003509521484375,0.00213623046875,0.001220703125,0.0021514892578125,0.001739501953125,0.0016021728515625,-0.0006866455078125,0.001678466796875,0.002655029296875,0.0021514892578125,0.0019073486328125,0.001373291015625,0.001312255859375,0.00146484375,0.0016937255859375,0.0017242431640625,0.0011444091796875,0.0045318603515625,-0.0004119873046875,0.0021820068359375,0.0015716552734375,0.00225830078125,0.0017547607421875,0.0014495849609375,0.00225830078125,0.0018310546875,0.0019683837890625,0.001739501953125,0.005462646484375,-0.0006103515625,0.00225830078125,0.0008087158203125,0.0019378662109375,0.001678466796875,0.0020751953125,-0.0004730224609375,-0.001190185546875,0.002349853515625,0.0016326904296875,0.001708984375,0.001861572265625,0.001861572265625,0.0017547607421875,0.0021209716796875,0.0016326904296875,0.0013427734375,0.001678466796875,0.003814697265625,0.0023345947265625,0.0003509521484375,0.0019378662109375,0.0011749267578125,0.00177001953125,0.0020751953125,0.002410888671875,0.00213623046875,0.001556396484375,0.0018157958984375,0.0015716552734375,-0.0015411376953125,-0.0014495849609375,0.002716064453125,0.0012664794921875,0.001739501953125,0.001739501953125,0.0016632080078125,-0.0024871826171875,-0.0011138916015625,0.0025482177734375,0.0023193359375,0.0019989013671875,0.0021209716796875,0.0022735595703125,0.0023956298828125,0.0013427734375,0.0010833740234375,0.0024261474609375,0.0013427734375,-0.0006866455078125,-0.0011749267578125,0.00238037109375,0.0022735595703125,0.0016021728515625,0.00201416015625,0.00201416015625,0.0058441162109375,0.000152587890625,0.0023651123046875,0.0017242431640625,0.002105712890625,0.002105712890625,0.0024261474609375,0.0019073486328125,0.0018463134765625,0.001495361328125,0.0013427734375,0.001434326171875,0.001800537109375,0.0013885498046875,-0.00140380859375,-0.00140380859375,0.001617431640625,0.0016021728515625,0.0020751953125,0.0014495849609375,-0.001678466796875,-0.0014801025390625,0.002471923828125,0.00103759765625,0.0021820068359375,0.0021820068359375,0.0010223388671875,0.0020904541015625,0.0018157958984375,0.0018157958984375,0.0015869140625,0.00311279296875,0.0017852783203125,0.0017852783203125,0.00286865234375,0.00286865234375,0.0024261474609375,0.0019378662109375,0.001739501953125,0.0015106201171875,0.00201416015625,0.0020751953125,0.0052642822265625,-0.0001220703125,0.00238037109375,0.00238037109375,0.001556396484375,0.00250244140625,0.00250244140625,0.0016937255859375,0.001678466796875,0.001678466796875,0.001861572265625,0.001861572265625,0.005950927734375,0.005950927734375,-0.0007781982421875,0.0018768310546875,0.001434326171875,0.00213623046875,0.00213623046875,0.003143310546875,0.0013275146484375,0.00128173828125,0.0015106201171875,0.0015106201171875,0.0024871826171875,0.0015869140625,0.0014801025390625,0.001678466796875,0.001678466796875,0.0016326904296875,0.0028076171875,0.0028076171875,-0.00030517578125,-0.00030517578125,0.0026702880859375,0.0028533935546875,0.00189208984375,0.0016021728515625,0.0016021728515625,0.0009307861328125,0.0009307861328125,0.0013275146484375,0.0012664794921875,0.0012664794921875,0.0019378662109375,0.001983642578125,0.0018310546875,0.0014801025390625,0.002349853515625,0.0026092529296875,0.000823974609375,0.000823974609375,-0.0016021728515625,-0.0016021728515625,0.0029449462890625,0.0024566650390625,0.0020294189453125,0.0014495849609375,0.0020599365234375,0.000396728515625,-0.00103759765625,0.003173828125,0.0017242431640625,0.0017242431640625,0.0012359619140625,0.002044677734375,0.0011749267578125,0.0017547607421875,0.001983642578125,0.00225830078125,0.002349853515625,0.001251220703125,-0.0009765625,-0.0009765625,0.0027923583984375,0.0015869140625,0.0016021728515625,0.0015106201171875,0.002288818359375,0.00250244140625,0.0046844482421875,0.00018310546875,0.0023193359375,0.0017547607421875,0.0016021728515625,0.002105712890625,0.00225830078125,0.001739501953125,0.0019683837890625,0.0018310546875,0.0016937255859375,0.0021820068359375,0.0052947998046875,-0.001068115234375,0.0023651123046875,0.0013580322265625,0.0015106201171875,0.0016021728515625,0.002685546875,0.0008392333984375,0.001922607421875,0.0021209716796875,0.0014495849609375,0.0014495849609375,0.0015106201171875,0.00213623046875,0.001800537109375,0.0017852783203125,0.0018463134765625,0.0013427734375,0.0020751953125,0.002532958984375,0.0028839111328125,0.000152587890625,0.002227783203125,0.0016021728515625,0.00140380859375,0.0018157958984375,0.001983642578125,-0.0001983642578125,-0.0011749267578125,0.00311279296875,0.0016632080078125,0.0005645751953125,0.00164794921875,0.001190185546875,0.0021209716796875,0.0022735595703125,0.0016632080078125,0.0019683837890625,0.0020599365234375,0.0015411376953125,-0.0013275146484375,-0.0013275146484375,0.002197265625,0.0022125244140625,0.0018157958984375,0.0015869140625,0.0010528564453125,-0.00042724609375,-0.001556396484375,0.0022735595703125,0.001556396484375,0.0007476806640625,0.0009918212890625,0.0013275146484375,0.002166748046875,0.0020599365234375,0.0011749267578125,0.0016326904296875,0.0012969970703125,0.001220703125,-0.000885009765625,-0.00054931640625,0.001861572265625,0.0014801025390625,0.0010833740234375,0.001556396484375,0.0018463134765625,-0.0014801025390625,-0.00152587890625,0.0019073486328125,0.00140380859375,0.0016632080078125,0.00152587890625,0.0020599365234375,0.0025177001953125,0.0018463134765625,0.0016632080078125,0.0016021728515625,0.0018310546875,0.00323486328125,0.0019378662109375,0.0014190673828125,0.0022735595703125,0.0017547607421875,0.001434326171875,0.0021514892578125,0.0019683837890625,0.0031280517578125,0.0019989013671875,0.0001220703125,0.001617431640625,0.001251220703125,0.0018768310546875,0.002471923828125,0.0017547607421875,0.0014190673828125,0.0013580322265625,0.00146484375,0.0013580322265625,0.0036773681640625,0.0028076171875,0.000946044921875,0.002349853515625,0.00152587890625,0.001129150390625,0.0020751953125,0.0012969970703125,-0.0009613037109375,-0.001708984375,0.0023651123046875,0.001708984375,0.001739501953125,0.002166748046875,0.00238037109375,0.0021514892578125,0.0020751953125,0.0019989013671875,0.0024261474609375,0.001373291015625,0.002960205078125,0.0005340576171875,0.001495361328125,0.0019989013671875,0.0019989013671875,0.00250244140625,0.0016021728515625,0.0017242431640625,0.002349853515625,0.0015411376953125,0.001007080078125,0.00201416015625,0.00201416015625,-0.00042724609375,0.001708984375,0.0026092529296875,-0.0032501220703125,-0.001495361328125,0.0018768310546875,0.0015411376953125,0.0019683837890625,0.0020904541015625,0.0015106201171875,0.00213623046875,0.0015716552734375,0.0014801025390625,0.001953125,0.0022125244140625,0.001617431640625,0.00146484375,0.0040130615234375,0.000640869140625,0.0013885498046875,0.00244140625,0.002044677734375,0.001861572265625,0.0015716552734375,0.0030670166015625,0.00311279296875,0.000213623046875,0.00262451171875,0.0022125244140625,0.002197265625,0.002655029296875,0.001922607421875,0.0015716552734375,0.0016937255859375,0.0018768310546875,0.001220703125,0.001068115234375,-0.0013580322265625,-0.001434326171875,0.002166748046875,0.0023956298828125,0.0015411376953125,0.001617431640625,0.00189208984375,0.00201416015625,0.0015106201171875,0.00213623046875,0.0021820068359375,0.00299072265625,0.0045013427734375,-0.000274658203125,0.00244140625,0.0018463134765625,0.0015106201171875,0.0020599365234375,-0.00091552734375,-0.0018157958984375,0.002838134765625,0.001922607421875,0.001861572265625,0.00146484375,0.0010986328125,0.00146484375,0.00244140625,0.001617431640625,0.001190185546875,0.0018768310546875,0.00018310546875,0.0015411376953125,0.00201416015625,0.0017242431640625,0.00213623046875,0.0015106201171875,0.001983642578125,0.0014190673828125,0.001953125,0.001373291015625,0.000762939453125,0.0045928955078125,-0.0007476806640625,0.003173828125,0.0013427734375,0.002410888671875,0.0015106201171875,0.002105712890625,-0.0012054443359375,0.00146484375,0.0013427734375,0.0013885498046875,0.0016937255859375,0.0018768310546875,0.001983642578125,0.0018463134765625,0.0015869140625,0.0014801025390625,0.0008697509765625,0.0012054443359375,0.0005035400390625,-0.001129150390625,0.001953125,0.00177001953125,0.001617431640625,0.0015106201171875,0.001861572265625,0.001800537109375,0.0018310546875,0.0018310546875,0.000396728515625,0.001312255859375,0.0030059814453125,0.0005950927734375,0.0009002685546875,0.0015869140625,-0.002044677734375,-0.0015869140625,0.0020904541015625,0.002105712890625,0.00140380859375,0.0012664794921875,0.0019073486328125,0.0017547607421875,0.0013275146484375,0.0018463134765625,0.00189208984375,0.001251220703125,0.0022125244140625,0.0017852783203125,0.00274658203125,-0.000244140625,0.002044677734375,0.0025787353515625,0.0013885498046875,0.0013275146484375,0.001617431640625,0.00189208984375,0.0026092529296875,0.000640869140625,0.0008697509765625,0.002471923828125,0.001800537109375,0.0014495849609375,0.0019073486328125,0.0013275146484375,0.0020751953125,0.00201416015625,0.0021820068359375,0.0013580322265625,-0.000946044921875,-0.0011749267578125,0.001861572265625,0.0019989013671875,0.0016937255859375,0.0020751953125,0.0012054443359375,0.00146484375,0.001678466796875,0.001861572265625,0.00213623046875,0.00213623046875,-0.0015106201171875,-0.0015716552734375,0.0020751953125,0.0016632080078125,0.003631591796875,-0.000457763671875,0.002960205078125,0.0015106201171875,0.0009613037109375,0.0018463134765625,0.0027618408203125,0.0023040771484375,0.0015716552734375,0.00213623046875,0.001678466796875,0.0014190673828125,0.002105712890625,0.001129150390625,-0.001312255859375,0.00152587890625,0.0021820068359375,0.0018310546875,0.0013580322265625,0.00152587890625,0.002166748046875,0.00152587890625,0.0019073486328125,0.002288818359375,0.0020751953125,0.000244140625,-0.0008544921875,0.0024566650390625,0.001953125,0.0017547607421875,0.001922607421875,0.001373291015625,0.0006866455078125,-0.0012359619140625,0.002105712890625,0.0016021728515625,0.00146484375,0.00152587890625,0.002044677734375,0.002105712890625,0.0015869140625,0.0016326904296875,0.001495361328125,0.001251220703125,0.0010528564453125,-0.0011444091796875,0.001739501953125,0.002471923828125,0.002166748046875,0.0022735595703125,0.0016021728515625,0.002410888671875,0.00054931640625,0.001190185546875,0.0020599365234375,0.001678466796875,0.0016632080078125,0.001495361328125,0.0013427734375,0.001312255859375,0.0021209716796875,0.001953125,0.0018463134765625,0.00177001953125,0.0008392333984375,0.0041656494140625,0.0003204345703125,0.00189208984375,0.002227783203125,0.002044677734375,0.0010986328125,0.001708984375,-0.0013580322265625,-0.0007171630859375,0.0030975341796875,0.0016937255859375,0.0016937255859375,0.0016937255859375,0.0017547607421875,0.00140380859375,0.001617431640625,0.0014190673828125,0.00164794921875,0.002044677734375,0.0015106201171875,0.005340576171875,0.0003509521484375,0.001739501953125,0.00140380859375,0.00128173828125,0.0015716552734375,0.0025787353515625,-0.001922607421875,-0.0012359619140625,0.0020904541015625,0.002227783203125,0.002227783203125,0.001373291015625,0.001434326171875,0.0018768310546875,0.0020904541015625,0.0020904541015625,0.0026702880859375,0.001617431640625,0.005859375,-0.0007781982421875,0.0019073486328125,0.0013275146484375,0.001922607421875,0.001800537109375,0.001373291015625,0.0023956298828125,0.00177001953125,0.0021209716796875,0.0020599365234375,-0.0020294189453125,-0.0010833740234375,0.0021514892578125,0.0023193359375,0.0018768310546875,0.0021820068359375,0.0013580322265625,0.0030975341796875,-0.0006561279296875,0.0027313232421875,0.0016326904296875,0.0013885498046875,0.0016937255859375,0.001220703125,0.0015869140625,0.002410888671875,0.001800537109375,0.0020294189453125,0.0019073486328125,0.00079345703125,-0.000457763671875,0.0026702880859375,0.002685546875,0.0013885498046875,0.0019378662109375,0.001861572265625,0.003265380859375,0.0023651123046875,0.0004425048828125,0.00250244140625,0.0017547607421875,0.001190185546875,0.001434326171875,0.0017852783203125,0.0017242431640625,0.0018310546875,0.001983642578125,0.00128173828125,0.00189208984375,-6.103515625e-05,-0.0008697509765625,0.0024261474609375,0.002105712890625,0.0018463134765625,0.002105712890625,0.001556396484375,0.0037689208984375,0.0026397705078125,0.0005340576171875,0.0024566650390625,0.001861572265625,0.0018463134765625,0.001708984375,0.001861572265625,0.0018310546875,0.002197265625,0.001953125,0.0018463134765625,0.001983642578125,0.0023345947265625,0.00030517578125,0.001739501953125,0.0019683837890625,0.0008697509765625,0.00152587890625,0.001861572265625,0.0033111572265625,0.0028228759765625,0.0001068115234375,0.0012054443359375,0.0012359619140625,0.0010223388671875,0.0021514892578125,0.0019989013671875,0.0024871826171875,0.0015716552734375,0.001739501953125,0.00189208984375,0.0016326904296875,0.002471923828125,0.00579833984375,-0.00042724609375,0.0027008056640625,0.001678466796875,0.001220703125,0.001800537109375,0.0032501220703125,0.0023193359375,0.00054931640625,0.0026397705078125,0.001800537109375,0.0020751953125,0.0020904541015625,0.0020904541015625,0.001312255859375,0.0017242431640625,0.001434326171875,0.0012359619140625,6.103515625e-05,-0.0004730224609375
-0.0058746337890625,-0.005096435546875,-0.005950927734375,-0.006256103515625,-0.0056304931640625,-0.0062255859375,-0.005859375,-0.006256103515625,-0.0059967041015625,-0.0057220458984375,-0.0059661865234375,-0.0057830810546875,-0.00579833984375,-0.00616455078125,-0.00592041015625,-0.0050811767578125,-0.0050811767578125,-0.0059967041015625,-0.00592041015625,-0.0067291259765625,-0.00640869140625,-0.00640869140625,-0.0062713623046875,-0.005889892578125,-0.005889892578125,-0.0055694580078125,-0.0057373046875,-0.0052490234375,-0.0051727294921875,-0.0068817138671875,-0.0057525634765625,-0.0057525634765625,-0.0057525634765625,-0.0059051513671875,-0.0056915283203125,-0.00543212890625,-0.0059356689453125,-0.00439453125,-0.00579833984375,-0.0058441162109375,-0.005950927734375,-0.005950927734375,-0.0059967041015625,-0.0069427490234375,-0.0058746337890625,-0.0052490234375,-0.0052490234375,-0.0059967041015625,-0.0059967041015625,-0.0052947998046875,-0.0064239501953125,-0.0064239501953125,-0.00518798828125,-0.0057373046875,-0.005035400390625,-0.006500244140625,-0.005157470703125,-0.00634765625,-0.0051116943359375,-0.0051116943359375,-0.0049896240234375,-0.0049896240234375,-0.0059661865234375,-0.006378173828125,-0.0059051513671875,-0.00579833984375,-0.0057525634765625,-0.005126953125,-0.0053863525390625,-0.0053863525390625,-0.00537109375,-0.005279541015625,-0.0055999755859375,-0.0051116943359375,-0.005828857421875,-0.005645751953125,-0.006378173828125,-0.0056915283203125,-0.0059051513671875,-0.0062255859375,-0.0061492919921875,-0.0061492919921875,-0.0062408447265625,-0.006072998046875,-0.0059661865234375,-0.0051116943359375,-0.0054779052734375,-0.0052032470703125,-0.0064239501953125,-0.005462646484375,-0.006134033203125,-0.0059967041015625,-0.00604248046875,-0.0059356689453125,-0.0059051513671875,-0.0068206787109375,-0.00494384765625,-0.0056915283203125,-0.006805419921875,-0.0045318603515625,-0.005950927734375,-0.006622314453125,-0.0058441162109375,-0.0061798095703125,-0.00616455078125,-0.0062713623046875,-0.006317138671875,-0.0052490234375,-0.00531005859375,-0.0066375732421875,-0.005859375,-0.00579833984375,-0.00494384765625,-0.00543212890625,-0.00604248046875,-0.0052490234375,-0.00494384765625,-0.0053558349609375,-0.006011962890625,-0.005279541015625,-0.0058135986328125,-0.00634765625,-0.006439208984375,-0.0063934326171875,-0.0062713623046875,-0.0056915283203125,-0.0056610107421875,-0.0063323974609375,-0.0061798095703125,-0.0071563720703125,-0.0042877197265625,-0.006011962890625,-0.0062713623046875,-0.0054168701171875,-0.006256103515625,-0.0063323974609375,-0.0058135986328125,-0.0052642822265625,-0.007293701171875,-0.0060882568359375,-0.0053253173828125,-0.0062713623046875,-0.00555419921875,-0.00543212890625,-0.0057525634765625,-0.005706787109375,-0.0059661865234375,-0.0053558349609375,-0.005401611328125,-0.005126953125,-0.0055694580078125,-0.0061492919921875,-0.0052032470703125,-0.00543212890625,-0.00543212890625,-0.0059814453125,-0.0066680908203125,-0.0059814453125,-0.0069427490234375,-0.0050811767578125,-0.0065155029296875,-0.006591796875,-0.0058135986328125,-0.0052490234375,-0.00592041015625,-0.005523681640625,-0.0068206787109375,-0.0065765380859375,-0.0064849853515625,-0.0053558349609375,-0.0053253173828125,-0.00579833984375,-0.0060882568359375,-0.004852294921875,-0.0066986083984375,-0.006195068359375,-0.005950927734375,-0.0055389404296875,-0.005096435546875,-0.00543212890625,-0.004852294921875,-0.0059661865234375,-0.0060272216796875,-0.0059967041015625,-0.005279541015625,-0.0054168701171875,-0.0045013427734375,-0.005157470703125,-0.0064239501953125,-0.0045623779296875,-0.005706787109375,-0.00518798828125,-0.0053253173828125,-0.00592041015625,-0.006011962890625,-0.0055999755859375,-0.00579833984375,-0.0058441162109375,-0.004913330078125,-0.0060272216796875,-0.005462646484375,-0.0060882568359375,-0.0055389404296875,-0.0067596435546875,-0.0054473876953125,-0.004852294921875,-0.0056915283203125,-0.004241943359375,-0.006072998046875,-0.0061492919921875,-0.0063934326171875,-0.005645751953125,-0.0063323974609375,-0.00653076171875,-0.006317138671875,-0.0053253173828125,-0.0058441162109375,-0.0059661865234375,-0.006622314453125,-0.0051116943359375,-0.00640869140625,-0.0062103271484375,-0.0059814453125,-0.00634765625,-0.0052490234375,-0.0053253173828125,-0.0060577392578125,-0.0045318603515625,-0.0055084228515625,-0.0062103271484375,-0.005523681640625,-0.0054473876953125,-0.006256103515625,-0.005767822265625,-0.0059967041015625,-0.005218505859375,-0.0051727294921875,-0.00616455078125,-0.005096435546875,-0.0051422119140625,-0.0063323974609375,-0.0061187744140625,-0.0064697265625,-0.0052337646484375,-0.0052947998046875,-0.00604248046875,-0.0053558349609375,-0.00494384765625,-0.0068817138671875,-0.0055389404296875,-0.0050811767578125,-0.005706787109375,-0.005096435546875,-0.00531005859375,-0.0063934326171875,-0.0065460205078125,-0.0060577392578125,-0.0052947998046875,-0.006683349609375,-0.005279541015625,-0.0056610107421875,-0.0058441162109375,-0.006683349609375,-0.0062103271484375,-0.006256103515625,-0.006011962890625,-0.004486083984375,-0.0052490234375,-0.00482177734375,-0.0063018798828125,-0.005645751953125,-0.0047149658203125,-0.0058746337890625,-0.0052490234375,-0.00592041015625,-0.0059051513671875,-0.006744384765625,-0.0063323974609375,-0.0059051513671875,-0.0060577392578125,-0.006439208984375,-0.00628662109375,-0.0064544677734375,-0.0064544677734375,-0.004974365234375,-0.0059814453125,-0.005859375,-0.0058441162109375,-0.0054473876953125,-0.0045318603515625,-0.006561279296875,-0.0059814453125,-0.0066070556640625,-0.006134033203125,-0.0063629150390625,-0.005584716796875,-0.006103515625,-0.00689697265625,-0.0061492919921875,-0.0050811767578125,-0.0054168701171875,-0.00665283203125,-0.00537109375,-0.00555419921875,-0.0057373046875,-0.006439208984375,-0.00543212890625,-0.0048828125,-0.0060577392578125,-0.0055084228515625,-0.00543212890625,-0.0057373046875,-0.00531005859375,-0.0062713623046875,-0.0063323974609375,-0.005889892578125,-0.00537109375,-0.006500244140625,-0.0054779052734375,-0.0063323974609375,-0.005767822265625,-0.005706787109375,-0.0068206787109375,-0.006072998046875,-0.00665283203125,-0.0054473876953125,-0.0057220458984375,-0.0060577392578125,-0.0057525634765625,-0.004974365234375,-0.006439208984375,-0.004730224609375,-0.00750732421875,-0.005767822265625,-0.005859375,-0.006683349609375,-0.0064697265625,-0.0067901611328125,-0.0042266845703125,-0.005706787109375,-0.005950927734375,-0.00640869140625,-0.007110595703125,-0.0057525634765625,-0.0059356689453125,-0.006591796875,-0.00567626953125,-0.0048370361328125,-0.0052032470703125,-0.00726318359375,-0.004150390625,-0.0059356689453125,-0.0052337646484375,-0.00555419921875,-0.0064544677734375,-0.005462646484375,-0.0059051513671875,-0.00445556640625,-0.005828857421875,-0.005401611328125,-0.0063018798828125,-0.0063018798828125,-0.0050201416015625,-0.0054473876953125,-0.0053558349609375,-0.0053558349609375,-0.005828857421875,-0.0055999755859375,-0.0057373046875,-0.0065765380859375,-0.0052337646484375,-0.0052337646484375,-0.0059051513671875,-0.0050811767578125,-0.0053863525390625,-0.005889892578125,-0.0055389404296875,-0.0044403076171875,-0.0065765380859375,-0.005096435546875,-0.005706787109375,-0.005706787109375,-0.005462646484375,-0.005767822265625,-0.0059967041015625,-0.0059967041015625,-0.005523681640625,-0.0057373046875,-0.0060272216796875,-0.0060272216796875,-0.005615234375,-0.005615234375,-0.0064239501953125,-0.005615234375,-0.006378173828125,-0.006011962890625,-0.0052337646484375,-0.00457763671875,-0.0059967041015625,-0.00518798828125,-0.006805419921875,-0.006805419921875,-0.005950927734375,-0.0058441162109375,-0.0058441162109375,-0.0059051513671875,-0.005615234375,-0.005615234375,-0.0073699951171875,-0.0073699951171875,-0.005340576171875,-0.005340576171875,-0.0056304931640625,-0.006072998046875,-0.006011962890625,-0.006195068359375,-0.006195068359375,-0.0063934326171875,-0.0053253173828125,-0.0055999755859375,-0.00604248046875,-0.00604248046875,-0.0062408447265625,-0.0061187744140625,-0.00677490234375,-0.006744384765625,-0.006744384765625,-0.005767822265625,-0.005096435546875,-0.005096435546875,-0.0048828125,-0.0048828125,-0.0055389404296875,-0.0047760009765625,-0.0061798095703125,-0.00567626953125,-0.00567626953125,-0.0052337646484375,-0.0052337646484375,-0.00653076171875,-0.004852294921875,-0.004852294921875,-0.006072998046875,-0.005035400390625,-0.0051422119140625,-0.0057830810546875,-0.0068511962890625,-0.0064239501953125,-0.006317138671875,-0.006317138671875,-0.0047607421875,-0.0047607421875,-0.0059356689453125,-0.0057830810546875,-0.0054931640625,-0.0059051513671875,-0.005950927734375,-0.0060882568359375,-0.003662109375,-0.006103515625,-0.0052642822265625,-0.0052642822265625,-0.0050201416015625,-0.005645751953125,-0.0056304931640625,-0.0059814453125,-0.0059967041015625,-0.0055389404296875,-0.0053863525390625,-0.0059661865234375,-0.005096435546875,-0.005096435546875,-0.0062713623046875,-0.00604248046875,-0.0063323974609375,-0.0048675537109375,-0.0057373046875,-0.0053253173828125,-0.00579833984375,-0.0052642822265625,-0.0058746337890625,-0.0064239501953125,-0.005401611328125,-0.005859375,-0.0056915283203125,-0.0050048828125,-0.0058135986328125,-0.00714111328125,-0.0068817138671875,-0.0062103271484375,-0.0057220458984375,-0.0051422119140625,-0.005462646484375,-0.0050811767578125,-0.00567626953125,-0.006378173828125,-0.0057830810546875,-0.0055999755859375,-0.006439208984375,-0.0055694580078125,-0.0053863525390625,-0.0053863525390625,-0.0057373046875,-0.00531005859375,-0.006317138671875,-0.006500244140625,-0.0065155029296875,-0.0056304931640625,-0.006317138671875,-0.005340576171875,-0.0062255859375,-0.005523681640625,-0.0057373046875,-0.005645751953125,-0.0058135986328125,-0.00543212890625,-0.0059967041015625,-0.006378173828125,-0.005218505859375,-0.005859375,-0.00506591796875,-0.0055084228515625,-0.005767822265625,-0.005828857421875,-0.0060882568359375,-0.00604248046875,-0.004119873046875,-0.006103515625,-0.00567626953125,-0.0055084228515625,-0.0047607421875,-0.0047607421875,-0.0057220458984375,-0.006256103515625,-0.00732421875,-0.0059661865234375,-0.0057525634765625,-0.0065460205078125,-0.00494384765625,-0.0051422119140625,-0.0047607421875,-0.0053558349609375,-0.0062255859375,-0.00567626953125,-0.00537109375,-0.00531005859375,-0.005279541015625,-0.00537109375,-0.006072998046875,-0.0055999755859375,-0.0060577392578125,-0.00445556640625,-0.00579833984375,-0.00634765625,-0.0058746337890625,-0.005828857421875,-0.0049896240234375,-0.0063323974609375,-0.0052032470703125,-0.0060577392578125,-0.0050811767578125,-0.0059967041015625,-0.0066070556640625,-0.00677490234375,-0.006561279296875,-0.00531005859375,-0.0061492919921875,-0.0052337646484375,-0.00592041015625,-0.004547119140625,-0.005706787109375,-0.0066375732421875,-0.00555419921875,-0.0051422119140625,-0.00592041015625,-0.0059814453125,-0.006011962890625,-0.0056304931640625,-0.0059661865234375,-0.0053863525390625,-0.0052337646484375,-0.0057525634765625,-0.005828857421875,-0.006591796875,-0.0053863525390625,-0.00531005859375,-0.005584716796875,-0.0059051513671875,-0.005859375,-0.0060272216796875,-0.00494384765625,-0.0051727294921875,-0.00604248046875,-0.0046539306640625,-0.00640869140625,-0.005615234375,-0.0055999755859375,-0.0062408447265625,-0.0046539306640625,-0.006317138671875,-0.0061798095703125,-0.0067901611328125,-0.0059967041015625,-0.0056304931640625,-0.0063934326171875,-0.0052642822265625,-0.0057220458984375,-0.0054473876953125,-0.0060882568359375,-0.005096435546875,-0.0057220458984375,-0.00616455078125,-0.0066375732421875,-0.0061492919921875,-0.0071868896484375,-0.005615234375,-0.006103515625,-0.0055084228515625,-0.0054473876953125,-0.0047760009765625,-0.005859375,-0.006134033203125,-0.00506591796875,-0.00628662109375,-0.0066070556640625,-0.006927490234375,-0.0045928955078125,-0.006805419921875,-0.00628662109375,-0.0049896240234375,-0.0050506591796875,-0.0055694580078125,-0.0051727294921875,-0.0061492919921875,-0.0059051513671875,-0.0058135986328125,-0.00518798828125,-0.005340576171875,-0.00506591796875,-0.0062255859375,-0.0066070556640625,-0.0053253173828125,-0.0056304931640625,-0.0049896240234375,-0.0055389404296875,-0.0059051513671875,-0.0052490234375,-0.0064544677734375,-0.00543212890625,-0.005706787109375,-0.0057830810546875,-0.006195068359375,-0.0053558349609375,-0.0059661865234375,-0.006591796875,-0.005706787109375,-0.0052337646484375,-0.0062255859375,-0.0052337646484375,-0.0066986083984375,-0.00592041015625,-0.00677490234375,-0.0057830810546875,-0.0065765380859375,-0.0068817138671875,-0.0057830810546875,-0.0059356689453125,-0.004852294921875,-0.0053863525390625,-0.0046844482421875,-0.004730224609375,-0.0059356689453125,-0.005035400390625,-0.00579833984375,-0.005889892578125,-0.0060577392578125,-0.0054931640625,-0.00579833984375,-0.0050811767578125,-0.0059051513671875,-0.005218505859375,-0.0056304931640625,-0.0053863525390625,-0.00579833984375,-0.0057220458984375,-0.0061492919921875,-0.00634765625,-0.0064697265625,-0.0069427490234375,-0.0058746337890625,-0.0066375732421875,-0.0057220458984375,-0.0059967041015625,-0.00640869140625,-0.0057525634765625,-0.006011962890625,-0.0058746337890625,-0.005523681640625,-0.006195068359375,-0.006195068359375,-0.005767822265625,-0.00445556640625,-0.0055389404296875,-0.00579833984375,-0.005859375,-0.0048370361328125,-0.006439208984375,-0.0057525634765625,-0.0057373046875,-0.005462646484375,-0.00555419921875,-0.00616455078125,-0.006195068359375,-0.005523681640625,-0.0062408447265625,-0.0062103271484375,-0.005767822265625,-0.0062408447265625,-0.005340576171875,-0.0069732666015625,-0.005462646484375,-0.00555419921875,-0.006103515625,-0.0052642822265625,-0.0057220458984375,-0.0064544677734375,-0.005401611328125,-0.00579833984375,-0.0064544677734375,-0.00579833984375,-0.00531005859375,-0.006195068359375,-0.004974365234375,-0.00567626953125,-0.005828857421875,-0.0061187744140625,-0.004241943359375,-0.00640869140625,-0.0062255859375,-0.0062408447265625,-0.0057830810546875,-0.004669189453125,-0.005615234375,-0.0059051513671875,-0.0063323974609375,-0.00616455078125,-0.0058746337890625,-0.005889892578125,-0.005279541015625,-0.0061492919921875,-0.00579833984375,-0.0058746337890625,-0.0048980712890625,-0.005859375,-0.006439208984375,-0.0064849853515625,-0.006744384765625,-0.006683349609375,-0.006256103515625,-0.0055694580078125,-0.0059967041015625,-0.0052337646484375,-0.0056304931640625,-0.005767822265625,-0.0063323974609375,-0.0056610107421875,-0.005462646484375,-0.00640869140625,-0.005523681640625,-0.006103515625,-0.0059967041015625,-0.0065155029296875,-0.005279541015625,-0.005340576171875,-0.0057830810546875,-0.0051422119140625,-0.005157470703125,-0.00469970703125,-0.0057220458984375,-0.006103515625,-0.0063629150390625,-0.0054779052734375,-0.0046539306640625,-0.0058441162109375,-0.00543212890625,-0.0047760009765625,-0.0052337646484375,-0.0056915283203125,-0.0052642822265625,-0.0056610107421875,-0.005462646484375,-0.005859375,-0.0060577392578125,-0.00518798828125,-0.0052337646484375,-0.005279541015625,-0.005645751953125,-0.0048980712890625,-0.0054473876953125,-0.0060577392578125,-0.0061798095703125,-0.005767822265625,-0.00531005859375,-0.0052642822265625,-0.005035400390625,-0.0056915283203125,-0.0058441162109375,-0.00604248046875,-0.0053863525390625,-0.0054779052734375,-0.006591796875,-0.0053558349609375,-0.0071868896484375,-0.006744384765625,-0.005767822265625,-0.004730224609375,-0.00555419921875,-0.0059967041015625,-0.00494384765625,-0.0066680908203125,-0.0062255859375,-0.006439208984375,-0.0066680908203125,-0.0057830810546875,-0.0056304931640625,-0.0062103271484375,-0.0065460205078125,-0.0059814453125,-0.0056610107421875,-0.0058135986328125,-0.0051422119140625,-0.00531005859375,-0.006103515625,-0.0060272216796875,-0.00555419921875,-0.0054931640625,-0.0059661865234375,-0.00604248046875,-0.0057830810546875,-0.0057220458984375,-0.005462646484375,-0.0056915283203125,-0.005706787109375,-0.0058135986328125,-0.005767822265625,-0.00537109375,-0.00506591796875,-0.0054473876953125,-0.0057373046875,-0.00567626953125,-0.005096435546875,-0.0050048828125,-0.0052490234375,-0.0048980712890625,-0.0056915283203125,-0.0049285888671875,-0.0059356689453125,-0.0059967041015625,-0.005218505859375,-0.0054168701171875,-0.0051116943359375,-0.005523681640625,-0.004974365234375,-0.0057525634765625,-0.0060882568359375,-0.0052947998046875,-0.0059967041015625,-0.0052490234375,-0.005279541015625,-0.0057830810546875,-0.0062713623046875,-0.0051727294921875,-0.0061187744140625,-0.0048828125,-0.004486083984375,-0.005340576171875,-0.00628662109375,-0.0073699951171875,-0.004791259765625,-0.005706787109375,-0.00604248046875,-0.0057220458984375,-0.006195068359375,-0.00482177734375,-0.0051116943359375,-0.0052032470703125,-0.005462646484375,-0.00494384765625,-0.00665283203125,-0.0053558349609375,-0.005859375,-0.0063934326171875,-0.0057373046875,-0.0048065185546875,-0.006195068359375,-0.006195068359375,-0.0059814453125,-0.0054779052734375,-0.0048675537109375,-0.0054931640625,-0.007080078125,-0.0056304931640625,-0.0058441162109375,-0.0062713623046875,-0.0056610107421875,-0.0052642822265625,-0.006500244140625,-0.00531005859375,-0.0048980712890625,-0.0059967041015625,-0.00543212890625,-0.0054168701171875,-0.005035400390625,-0.0063629150390625,-0.0054931640625,-0.00567626953125,-0.0052032470703125,-0.005584716796875,-0.0053863525390625,-0.0071868896484375,-0.0053558349609375,-0.0060577392578125,-0.0057220458984375,-0.006317138671875,-0.0059051513671875,-0.0059051513671875,-0.0052032470703125,-0.0061798095703125,-0.00537109375,-0.0056304931640625,-0.0055694580078125,-0.005523681640625,-0.0054779052734375,-0.005706787109375,-0.0058746337890625,-0.00537109375,-0.00592041015625,-0.0065155029296875,-0.00518798828125,-0.00665283203125,-0.00482177734375,-0.005889892578125,-0.0068817138671875,-0.0061492919921875,-0.0051727294921875,-0.005950927734375,-0.0052642822265625,-0.0059814453125,-0.0060882568359375,-0.00579833984375,-0.0061187744140625,-0.0059814453125,-0.0055389404296875,-0.005706787109375,-0.0057373046875,-0.005523681640625,-0.00537109375,-0.0064697265625,-0.0058441162109375,-0.0062255859375,-0.0072021484375,-0.006103515625,-0.0054931640625,-0.0053253173828125,-0.0048065185546875,-0.00616455078125,-0.0051116943359375,-0.0059814453125,-0.005462646484375,-0.0054473876953125,-0.0051422119140625,-0.0058135986328125,-0.005279541015625,-0.00531005859375,-0.0044403076171875,-0.005645751953125,-0.0052947998046875,-0.00469970703125,-0.0053558349609375,-0.005645751953125,-0.0065460205078125,-0.005279541015625,-0.005462646484375,-0.0055084228515625,-0.0053863525390625,-0.0066986083984375,-0.0052642822265625,-0.005096435546875,-0.0050506591796875,-0.005859375,-0.0054168701171875,-0.005279541015625,-0.00567626953125,-0.00567626953125,-0.0053253173828125,-0.006011962890625,-0.005401611328125,-0.0064849853515625,-0.006103515625,-0.0046234130859375
-1.0052947998046875,-1.0058746337890625,-1.004638671875,-1.0059051513671875,-1.00579833984375,-1.0058746337890625,-1.006378173828125,-1.0057220458984375,-1.005340576171875,-1.00567626953125,-1.00518798828125,-1.0054779052734375,-1.0053863525390625,-1.0050811767578125,-1.0059356689453125,-1.0062255859375,-1.005126953125,-1.007293701171875,-1.004730224609375,-1.0057220458984375,-1.005615234375,-1.005615234375,-1.006622314453125,-1.0056610107421875,-1.006103515625,-1.006011962890625,-1.0055694580078125,-1.00604248046875,-1.0056610107421875,-1.005889892578125,-1.005401611328125,-1.005401611328125,-1.0064697265625,-1.00537109375,-1.006072998046875,-1.005767822265625,-1.006591796875,-1.0046539306640625,-1.0057373046875,-1.004669189453125,-1.0060577392578125,-1.0060577392578125,-1.006317138671875,-1.00567626953125,-1.0063934326171875,-1.0048980712890625,-1.0048980712890625,-1.0062255859375,-1.0062255859375,-1.0054168701171875,-1.0057220458984375,-1.0057220458984375,-1.00616455078125,-1.004913330078125,-1.0073089599609375,-1.006378173828125,-1.004638671875,-1.00579833984375,-1.0070953369140625,-1.0070953369140625,-1.0045318603515625,-1.0045318603515625,-1.0065765380859375,-1.005401611328125,-1.0053863525390625,-1.0063629150390625,-1.0053558349609375,-1.0051422119140625,-1.00567626953125,-1.00567626953125,-1.005035400390625,-1.0068206787109375,-1.0059051513671875,-1.0064849853515625,-1.00634765625,-1.006256103515625,-1.008270263671875,-1.004730224609375,-1.0056915283203125,-1.0065765380859375,-1.0052947998046875,-1.0052947998046875,-1.006011962890625,-1.0061798095703125,-1.006195068359375,-1.0059356689453125,-1.00494384765625,-1.00592041015625,-1.0044403076171875,-1.005401611328125,-1.006256103515625,-1.0061798095703125,-1.0046539306640625,-1.00518798828125,-1.005157470703125,-1.0074462890625,-1.003692626953125,-1.00506591796875,-1.0067291259765625,-1.005828857421875,-1.0062103271484375,-1.0056915283203125,-1.0055999755859375,-1.00494384765625,-1.00653076171875,-1.0062713623046875,-1.0052032470703125,-1.005523681640625,-1.00592041015625,-1.007720947265625,-1.0035400390625,-1.0055694580078125,-1.00543212890625,-1.0060272216796875,-1.00567626953125,-1.0062713623046875,-1.0057525634765625,-1.0041046142578125,-1.007080078125,-1.0055694580078125,-1.005889892578125,-1.0062713623046875,-1.006103515625,-1.0054168701171875,-1.00469970703125,-1.0059967041015625,-1.006500244140625,-1.0053558349609375,-1.0061492919921875,-1.0055084228515625,-1.0046234130859375,-1.006103515625,-1.0070953369140625,-1.0052490234375,-1.0059661865234375,-1.0054473876953125,-1.0048370361328125,-1.0057220458984375,-1.0059356689453125,-1.005889892578125,-1.00543212890625,-1.0057373046875,-1.0058135986328125,-1.007659912109375,-1.005859375,-1.0053253173828125,-1.0054779052734375,-1.00543212890625,-1.0058441162109375,-1.005340576171875,-1.0054473876953125,-1.004730224609375,-1.0053253173828125,-1.0058441162109375,-1.0069427490234375,-1.0056915283203125,-1.004425048828125,-1.0066680908203125,-1.006805419921875,-1.0047760009765625,-1.005157470703125,-1.0052642822265625,-1.00592041015625,-1.0055694580078125,-1.0056304931640625,-1.00604248046875,-1.0056610107421875,-1.00482177734375,-1.00604248046875,-1.0045623779296875,-1.0057830810546875,-1.0059356689453125,-1.00506591796875,-1.0043487548828125,-1.005462646484375,-1.005767822265625,-1.005035400390625,-1.0050506591796875,-1.0048065185546875,-1.0063018798828125,-1.00518798828125,-1.0047607421875,-1.0048370361328125,-1.004791259765625,-1.004791259765625,-1.0050506591796875,-1.004547119140625,-1.00537109375,-1.0065460205078125,-1.0052642822265625,-1.0056915283203125,-1.00567626953125,-1.0052337646484375,-1.0060272216796875,-1.005584716796875,-1.005279541015625,-1.0052032470703125,-1.0050201416015625,-1.0049896240234375,-1.004791259765625,-1.0056610107421875,-1.0058135986328125,-1.0053863525390625,-1.0058441162109375,-1.0056304931640625,-1.0047607421875,-1.0045623779296875,-1.0068359375,-1.005767822265625,-1.0046844482421875,-1.0059814453125,-1.00689697265625,-1.0057525634765625,-1.004150390625,-1.005157470703125,-1.0059356689453125,-1.0048675537109375,-1.0060882568359375,-1.0054168701171875,-1.0042877197265625,-1.0052947998046875,-1.0064544677734375,-1.0050201416015625,-1.0057220458984375,-1.0056304931640625,-1.006988525390625,-1.007659912109375,-1.0040130615234375,-1.0067138671875,-1.0050811767578125,-1.0048675537109375,-1.0067138671875,-1.00518798828125,-1.0051727294921875,-1.0052032470703125,-1.005645751953125,-1.0060882568359375,-1.00579833984375,-1.005950927734375,-1.007232666015625,-1.0046234130859375,-1.005584716796875,-1.005584716796875,-1.0056915283203125,-1.00537109375,-1.005401611328125,-1.0047607421875,-1.006134033203125,-1.0056610107421875,-1.004852294921875,-1.00543212890625,-1.0058135986328125,-1.0048065185546875,-1.0057220458984375,-1.0053863525390625,-1.0047454833984375,-1.005157470703125,-1.006195068359375,-1.005096435546875,-1.0061798095703125,-1.005096435546875,-1.005523681640625,-1.006134033203125,-1.00555419921875,-1.0049285888671875,-1.005615234375,-1.0061187744140625,-1.005462646484375,-1.004669189453125,-1.0060882568359375,-1.0045166015625,-1.00537109375,-1.0054473876953125,-1.0036773681640625,-1.004730224609375,-1.006072998046875,-1.005615234375,-1.004058837890625,-1.0051422119140625,-1.005706787109375,-1.005889892578125,-1.0063934326171875,-1.0048980712890625,-1.0052947998046875,-1.0061492919921875,-1.0051727294921875,-1.005218505859375,-1.0047149658203125,-1.00579833984375,-1.00640869140625,-1.00592041015625,-1.00653076171875,-1.00543212890625,-1.0053253173828125,-1.006072998046875,-1.0056915283203125,-1.0050506591796875,-1.00482177734375,-1.005096435546875,-1.0052490234375,-1.004913330078125,-1.0061187744140625,-1.0053253173828125,-1.004852294921875,-1.007598876953125,-1.0053253173828125,-1.0035858154296875,-1.004547119140625,-1.0051116943359375,-1.005645751953125,-1.0056304931640625,-1.0053558349609375,-1.0045928955078125,-1.0060272216796875,-1.0048980712890625,-1.0052032470703125,-1.0052947998046875,-1.0057830810546875,-1.0062103271484375,-1.0073089599609375,-1.00408935546875,-1.0059356689453125,-1.0052337646484375,-1.0063018798828125,-1.005523681640625,-1.005462646484375,-1.00555419921875,-1.0058135986328125,-1.0047760009765625,-1.0053558349609375,-1.0035400390625,-1.0055694580078125,-1.0059051513671875,-1.0060577392578125,-1.005096435546875,-1.00531005859375,-1.0057830810546875,-1.0052947998046875,-1.00494384765625,-1.0054473876953125,-1.0063934326171875,-1.00439453125,-1.0053558349609375,-1.0057830810546875,-1.004180908203125,-1.0052337646484375,-1.006195068359375,-1.0058135986328125,-1.005706787109375,-1.005035400390625,-1.0035858154296875,-1.00555419921875,-1.0062255859375,-1.0056610107421875,-1.0048828125,-1.0049285888671875,-1.0084075927734375,-1.0034027099609375,-1.00616455078125,-1.0059051513671875,-1.0059814453125,-1.0059814453125,-1.0053558349609375,-1.006011962890625,-1.0053253173828125,-1.00567626953125,-1.0060882568359375,-1.006103515625,-1.00494384765625,-1.00396728515625,-1.00616455078125,-1.00616455078125,-1.0050048828125,-1.0052490234375,-1.0058441162109375,-1.0053253173828125,-1.0036163330078125,-1.0050201416015625,-1.0067138671875,-1.004730224609375,-1.004669189453125,-1.004669189453125,-1.0056610107421875,-1.004913330078125,-1.0052947998046875,-1.0052947998046875,-1.0053253173828125,-1.0060577392578125,-1.006591796875,-1.006591796875,-1.0065155029296875,-1.0065155029296875,-1.004669189453125,-1.0053863525390625,-1.0047149658203125,-1.0050811767578125,-1.0058746337890625,-1.0055694580078125,-1.0073089599609375,-1.004913330078125,-1.0053558349609375,-1.0053558349609375,-1.0059051513671875,-1.0064697265625,-1.0064697265625,-1.00537109375,-1.005218505859375,-1.005218505859375,-1.0048980712890625,-1.0048980712890625,-1.00726318359375,-1.00726318359375,-1.0033721923828125,-1.00604248046875,-1.0044708251953125,-1.0054931640625,-1.0054931640625,-1.00604248046875,-1.0055389404296875,-1.0041656494140625,-1.005157470703125,-1.005157470703125,-1.00457763671875,-1.00579833984375,-1.006195068359375,-1.0054779052734375,-1.0054779052734375,-1.0044403076171875,-1.0054168701171875,-1.0054168701171875,-1.00457763671875,-1.00457763671875,-1.0049896240234375,-1.004547119140625,-1.0052947998046875,-1.0050048828125,-1.0050048828125,-1.00445556640625,-1.00445556640625,-1.004638671875,-1.0050811767578125,-1.0050811767578125,-1.005645751953125,-1.0052032470703125,-1.0064544677734375,-1.0060577392578125,-1.0042266845703125,-1.0058441162109375,-1.00396728515625,-1.00396728515625,-1.006011962890625,-1.006011962890625,-1.0044708251953125,-1.0048065185546875,-1.0048675537109375,-1.0052642822265625,-1.005157470703125,-1.002716064453125,-1.0053253173828125,-1.005859375,-1.0044403076171875,-1.0044403076171875,-1.00469970703125,-1.005645751953125,-1.0054931640625,-1.005035400390625,-1.0038909912109375,-1.0053253173828125,-1.005279541015625,-1.0046539306640625,-1.004974365234375,-1.004974365234375,-1.0044708251953125,-1.004852294921875,-1.00494384765625,-1.005096435546875,-1.0047760009765625,-1.005340576171875,-1.0073394775390625,-1.003662109375,-1.0058441162109375,-1.0048370361328125,-1.0046234130859375,-1.0047454833984375,-1.004608154296875,-1.004913330078125,-1.004364013671875,-1.0055694580078125,-1.0052490234375,-1.004608154296875,-1.0060272216796875,-1.005401611328125,-1.005706787109375,-1.0059051513671875,-1.0051116943359375,-1.0052337646484375,-1.0055999755859375,-1.00439453125,-1.0050048828125,-1.0055694580078125,-1.0048675537109375,-1.0048675537109375,-1.004119873046875,-1.004608154296875,-1.0046539306640625,-1.0050811767578125,-1.006195068359375,-1.0044403076171875,-1.0047149658203125,-1.004913330078125,-1.0066986083984375,-1.0044708251953125,-1.0064239501953125,-1.00396728515625,-1.00543212890625,-1.005615234375,-1.005706787109375,-1.005523681640625,-1.003662109375,-1.00518798828125,-1.00653076171875,-1.0050048828125,-1.0055084228515625,-1.0049285888671875,-1.0051116943359375,-1.0051116943359375,-1.0049591064453125,-1.00531005859375,-1.0049285888671875,-1.0042724609375,-1.0055694580078125,-1.0055694580078125,-1.0049896240234375,-1.0044097900390625,-1.0050811767578125,-1.0052947998046875,-1.0042724609375,-1.0045318603515625,-1.00360107421875,-1.0040283203125,-1.0053253173828125,-1.0046844482421875,-1.00439453125,-1.0055084228515625,-1.0052490234375,-1.0061798095703125,-1.0050048828125,-1.004638671875,-1.00494384765625,-1.0046539306640625,-1.00347900390625,-1.0057373046875,-1.0046844482421875,-1.0054779052734375,-1.0048675537109375,-1.005767822265625,-1.0045318603515625,-1.0043487548828125,-1.00311279296875,-1.0047607421875,-1.005279541015625,-1.0041351318359375,-1.0052490234375,-1.0042877197265625,-1.0059814453125,-1.0045623779296875,-1.004669189453125,-1.0050048828125,-1.00555419921875,-1.00518798828125,-1.0058135986328125,-1.003875732421875,-1.00689697265625,-1.0042877197265625,-1.004180908203125,-1.0043182373046875,-1.0059814453125,-1.005706787109375,-1.00677490234375,-1.004119873046875,-1.0048828125,-1.00445556640625,-1.0055999755859375,-1.005096435546875,-1.004302978515625,-1.0044708251953125,-1.0053558349609375,-1.0046234130859375,-1.0057220458984375,-1.00506591796875,-1.006195068359375,-1.0043182373046875,-1.004913330078125,-1.0042266845703125,-1.00433349609375,-1.0048370361328125,-1.004425048828125,-1.0054168701171875,-1.0043182373046875,-1.00506591796875,-1.0055999755859375,-1.004608154296875,-1.0054168701171875,-1.0049896240234375,-1.0041656494140625,-1.004119873046875,-1.004638671875,-1.0045623779296875,-1.0050811767578125,-1.0058746337890625,-1.0045013427734375,-1.003875732421875,-1.005157470703125,-1.0039825439453125,-1.0045166015625,-1.0045013427734375,-1.005340576171875,-1.004852294921875,-1.004730224609375,-1.0049591064453125,-1.0046539306640625,-1.00634765625,-1.003753662109375,-1.004150390625,-1.0054779052734375,-1.0037689208984375,-1.0048980712890625,-1.005462646484375,-1.0048675537109375,-1.0050201416015625,-1.0043182373046875,-1.003936767578125,-1.00396728515625,-1.005279541015625,-1.0047454833984375,-1.0048828125,-1.0049896240234375,-1.004241943359375,-1.0037994384765625,-1.0052642822265625,-1.00421142578125,-1.0051422119140625,-1.005706787109375,-1.00506591796875,-1.00445556640625,-1.005767822265625,-1.0054931640625,-1.00592041015625,-1.0045928955078125,-1.0047760009765625,-1.0053558349609375,-1.0052642822265625,-1.0043487548828125,-1.004913330078125,-1.0059356689453125,-1.005584716796875,-1.0055389404296875,-1.004608154296875,-1.0051727294921875,-1.0052642822265625,-1.0039825439453125,-1.0050201416015625,-1.00506591796875,-1.0042724609375,-1.005645751953125,-1.0052337646484375,-1.0051422119140625,-1.005035400390625,-1.00537109375,-1.005279541015625,-1.0053253173828125,-1.0061187744140625,-1.0041656494140625,-1.0064849853515625,-1.005615234375,-1.00537109375,-1.0044403076171875,-1.0035400390625,-1.0050506591796875,-1.0054168701171875,-1.0049896240234375,-1.003662109375,-1.00506591796875,-1.0052337646484375,-1.005859375,-1.005279541015625,-1.0052490234375,-1.0050201416015625,-1.0054931640625,-1.004425048828125,-1.003997802734375,-1.0045013427734375,-1.0040435791015625,-1.005126953125,-1.0043182373046875,-1.004669189453125,-1.0053253173828125,-1.0054473876953125,-1.0042724609375,-1.0051727294921875,-1.0057373046875,-1.0048370361328125,-1.005401611328125,-1.00494384765625,-1.005462646484375,-1.004669189453125,-1.0058135986328125,-1.003997802734375,-1.0046539306640625,-1.005279541015625,-1.0052032470703125,-1.0050506591796875,-1.0052642822265625,-1.0049591064453125,-1.004638671875,-1.0043792724609375,-1.0047760009765625,-1.005889892578125,-1.0052337646484375,-1.0058135986328125,-1.0038299560546875,-1.0049896240234375,-1.0057830810546875,-1.00482177734375,-1.0051116943359375,-1.0047149658203125,-1.004486083984375,-1.00543212890625,-1.0054473876953125,-1.0054473876953125,-1.0047760009765625,-1.0056610107421875,-1.0037994384765625,-1.003875732421875,-1.005950927734375,-1.003936767578125,-1.004608154296875,-1.005859375,-1.006011962890625,-1.004852294921875,-1.004302978515625,-1.004119873046875,-1.00592041015625,-1.0056915283203125,-1.0056915283203125,-1.005279541015625,-1.00543212890625,-1.0045928955078125,-1.0052642822265625,-1.00567626953125,-1.003753662109375,-1.0039825439453125,-1.004791259765625,-1.0049285888671875,-1.00567626953125,-1.00445556640625,-1.0046234130859375,-1.00750732421875,-1.0050811767578125,-1.003631591796875,-1.005279541015625,-1.004241943359375,-1.0048980712890625,-1.00482177734375,-1.0052947998046875,-1.004547119140625,-1.0047607421875,-1.005096435546875,-1.0056610107421875,-1.00537109375,-1.0051116943359375,-1.00433349609375,-1.005126953125,-1.0052337646484375,-1.0051116943359375,-1.0048980712890625,-1.0045623779296875,-1.00439453125,-1.0057525634765625,-1.0048370361328125,-1.0059356689453125,-1.0046539306640625,-1.0050506591796875,-1.004608154296875,-1.0060272216796875,-1.0049591064453125,-1.004913330078125,-1.00518798828125,-1.004364013671875,-1.004241943359375,-1.00531005859375,-1.005218505859375,-1.0055084228515625,-1.005126953125,-1.004669189453125,-1.00537109375,-1.004791259765625,-1.005645751953125,-1.0059967041015625,-1.0041656494140625,-1.00421142578125,-1.0046539306640625,-1.00518798828125,-1.005401611328125,-1.00421142578125,-1.004241943359375,-1.00396728515625,-1.0052642822265625,-1.0061798095703125,-1.0050811767578125,-1.004974365234375,-1.0044708251953125,-1.0052490234375,-1.0058441162109375,-1.00506591796875,-1.0052642822265625,-1.0052032470703125,-1.00469970703125,-1.0059051513671875,-1.0048980712890625,-1.0045928955078125,-1.0057525634765625,-1.004791259765625,-1.004486083984375,-1.0053863525390625,-1.006072998046875,-1.0052032470703125,-1.005523681640625,-1.004974365234375,-1.005950927734375,-1.0036163330078125,-1.004180908203125,-1.005218505859375,-1.005218505859375,-1.0047760009765625,-1.0051422119140625,-1.00665283203125,-1.0052947998046875,-1.00421142578125,-1.0056915283203125,-1.0054168701171875,-1.005126953125,-1.00439453125,-1.004669189453125,-1.005157470703125,-1.004608154296875,-1.0045623779296875,-1.005340576171875,-1.0054168701171875,-1.0050811767578125,-1.00634765625,-1.0054473876953125,-1.00537109375,-1.0042572021484375,-1.004425048828125,-1.006500244140625,-1.005523681640625,-1.0039520263671875,-1.0059051513671875,-1.004913330078125,-1.0054168701171875,-1.0048980712890625,-1.0053863525390625,-1.005706787109375,-1.0050506591796875,-1.0055084228515625,-1.0050506591796875,-1.0045318603515625,-1.005523681640625,-1.00494384765625,-1.005706787109375,-1.00439453125,-1.00494384765625,-1.0050506591796875,-1.004669189453125,-1.005157470703125,-1.0042724609375,-1.00439453125,-1.003631591796875,-1.00555419921875,-1.0049285888671875,-1.0043487548828125,-1.0054779052734375,-1.004547119140625,-1.006317138671875,-1.004730224609375,-1.0045623779296875,-1.005950927734375,-1.0052947998046875,-1.0050811767578125,-1.005279541015625,-1.0053863525390625,-1.00482177734375,-1.0049285888671875,-1.0036163330078125,-1.004852294921875,-1.0046539306640625,-1.0049285888671875,-1.00567626953125,-1.005126953125,-1.0058135986328125,-1.0034027099609375,-1.0040740966796875,-1.0052490234375,-1.0048828125,-1.005828857421875,-1.0051116943359375,-1.0049896240234375,-1.0055999755859375,-1.0054779052734375,-1.005706787109375,-1.004974365234375,-1.0055694580078125,-1.004913330078125,-1.004974365234375,-1.0055084228515625,-1.005218505859375,-1.004852294921875,-1.005035400390625,-1.0062255859375,-1.004852294921875,-1.004913330078125,-1.005767822265625,-1.0048675537109375,-1.0045318603515625,-1.004974365234375,-1.00518798828125,-1.0059814453125,-1.0037078857421875,-1.0048828125,-1.0052642822265625,-1.0042266845703125,-1.0056915283203125,-1.0052337646484375,-1.0045013427734375,-1.0047760009765625,-1.0050048828125,-1.004913330078125,-1.0057220458984375,-1.0055999755859375,-1.00396728515625,-1.0054779052734375,-1.006500244140625,-1.0051422119140625,-1.0043792724609375,-1.0047454833984375,-1.0051116943359375,-1.0051727294921875,-1.003509521484375,-1.0058441162109375,-1.0058441162109375,-1.0055694580078125,-1.005157470703125,-1.0047760009765625,-1.00592041015625,-1.00537109375,-1.00494384765625,-1.004791259765625,-1.005126953125,-1.0059814453125,-1.0050048828125,-1.004638671875,-1.0049591064453125,-1.0045166015625,-1.0050506591796875,-1.00469970703125,-1.0052642822265625,-1.0058135986328125,-1.0041046142578125,-1.006561279296875,-1.0054779052734375,-1.0059051513671875,-1.0047760009765625,-1.0039825439453125,-1.0052642822265625,-1.0055084228515625,-1.0041656494140625,-1.0047607421875,-1.00518798828125,-1.0055389404296875,-1.0061798095703125,-1.0043792724609375,-1.005615234375,-1.00469970703125,-1.0041351318359375,-1.0052642822265625,-1.0050048828125,-1.0062103271484375,-1.003265380859375,-1.0059051513671875,-1.0049896240234375,-1.005645751953125,-1.00634765625,-1.00634765625,-1.0037078857421875,-1.00628662109375,-1.0047149658203125,-1.0048675537109375,-1.005523681640625,-1.0043792724609375